Number1    Number2    Number3    Number4    Number5    Number6    Number7    Number8    Number9    Number10    
1657    29939    15612    32754    28255    11579    4774    31189    15878    8239    
29052    8796    18488    21845    21424    19461    4117    30279    16635    21508    
23638    6058    15590    9103    1111    3452    30    17789    5909    6962    
6289    691    27608    28414    6871    17302    16636    30681    22823    14144    
30550    27168    32278    27664    10255    9700    23227    29311    21640    19706    
31761    16062    28626    12    15439    2368    2839    28936    2646    25601    
8569    19946    1098    27087    12736    707    31723    10415    14372    2835    
21511    27627    18950    7087    12950    19101    23835    24067    18111    23219    
24373    17026    3522    31463    3764    30563    18311    9064    19566    8012    
26532    2935    1037    13826    23972    30281    4348    15661    31054    7768    
26902    25534    29252    8208    8702    1664    480    15110    25232    378    
13404    11677    26161    19420    1564    29635    14302    28079    20010    27609    
7531    1256    21650    31549    6169    27291    12131    20628    586    209    
28228    28054    26591    32641    10838    9233    12543    28218    26191    29682    
15154    11307    25833    20540    25629    29595    2661    17614    32677    23909    
16216    19682    18892    10034    25315    30968    7372    17020    4441    2083    
2000    1603    19451    5017    31741    16864    4953    22238    23585    9425    
20086    19006    23538    6092    750    30908    10768    7918    19783    18161    
14850    31364    9567    19038    6761    4346    21144    21050    12676    1096    
22047    27030    5694    27799    23140    1227    22122    2038    19935    9247    
18776    32597    317    1236    10266    2975    17173    28239    20235    2987    
11234    23202    26806    24572    21669    23032    19542    25180    20722    3665    
3423    31856    18969    26842    26684    52    12914    8989    2155    30644    
9302    24159    301    25911    9496    8905    5182    3760    29741    5116    
13091    28688    23653    3940    9671    25761    15627    30957    24955    4798    
6377    13569    1278    29359    28708    32343    14773    27414    18183    18852    
24733    10715    10768    19263    14447    8745    24873    32160    12763    22730    
4745    5496    21460    20441    26506    14663    1287    26451    17079    15848    
8219    6409    18847    12754    12217    27589    9576    28820    24838    9456    
23804    21442    3028    23736    31857    7347    1001    24982    30000    25631    
32504    7330    2725    905    23246    14417    10044    6532    32253    14554    
19778    28587    30326    23063    15921    11889    11068    17766    25828    28187    
29850    29837    11216    8309    15956    11918    15064    31542    25180    18180    
1514    1091    29975    23740    1893    13566    24143    27838    23886    858    
14460    3062    32420    32458    11240    16869    31194    31961    14444    31185    
16104    9341    17304    26977    4861    18193    27314    8496    11180    27553    
23431    7721    27882    17144    25619    29404    30588    10034    28477    13480    
18736    9817    18260    5684    32113    13575    9188    3685    13066    11805    
15105    27822    24292    29554    28555    15583    2721    4921    12205    25902    
21092    23996    9929    173    3420    26745    10356    5159    23960    24506    
29600    24165    2236    5792    6831    3176    22663    12391    31277    30632    
29815    22268    28765    9211    24057    25545    23116    22319    29309    2958    
18662    20920    9074    20493    21058    3837    20524    10694    10484    31346    
30389    15975    31775    11876    28436    14305    21915    30277    1006    10547    
32161    29555    8582    5206    24372    4016    6406    3348    26007    21324    
24880    23044    25888    17624    27495    956    1281    18020    29111    26718    
14479    2283    13720    18386    29959    23453    29918    15250    7281    145    
30073    2694    15108    11933    334    25580    16116    11543    5668    15413    
3741    3354    29711    16908    19630    24762    28989    13129    14640    9685    
504    26224    27042    14083    23293    18877    15697    22908    10051    25211    
15483    27339    22802    25520    1119    9623    11204    4441    7898    17984    
21102    875    3849    21274    6694    23912    1487    31014    26664    28173    
29107    19869    12289    14584    19148    28746    26480    6050    20684    11064    
13551    297    18647    25868    11291    19786    387    5976    21232    24615    
22415    12588    25199    2917    15870    17251    27652    9745    21034    30087    
19553    19657    18674    12878    25441    12240    9423    26533    19456    14185    
182    1827    23725    1492    32703    1803    5011    28441    7080    21514    
12325    10872    30880    7920    18421    22012    28866    8268    31715    10582    
9503    29683    9278    4405    1679    24981    22581    17221    2804    30606    
21618    24816    24763    18435    30828    15354    21387    8125    19893    24111    
10939    227    26389    21692    16594    28282    11025    6960    13292    10263    
19016    23953    1134    4655    469    7205    3183    30399    17811    30552    
26277    7752    14963    7047    533    31691    4621    27163    19613    8601    
6833    8540    25633    26945    23767    977    16822    21281    29978    16550    
11518    30686    22510    8405    11547    6352    20705    16320    29649    30529    
9216    8902    15971    2799    2015    26844    29933    18454    28586    15558    
16217    7215    12154    17522    14231    28348    15469    21801    13901    17225    
7211    27537    20724    1044    25102    21122    9104    6757    4049    7778    
32053    19815    648    24737    7755    6770    2113    12003    4477    29338    
3375    25386    13539    28996    19404    27747    10587    18898    11591    17530    
20077    30053    26854    2982    28206    18050    20807    17358    26020    17976    
25320    8336    6935    24164    16010    7376    18582    18051    28982    26964    
24122    28054    28163    14887    31030    8708    25517    9828    7531    832    
7495    31038    1298    5525    14112    28337    28000    4241    26676    30383    
7085    13448    5998    29809    25833    14785    2431    3924    31859    7888    
18123    1588    25251    6203    2227    17026    2267    2710    13986    27535    
21731    15447    10280    6610    21423    25161    25853    28796    5118    22729    
14352    19513    22002    18168    45    19217    9793    16320    7370    18486    
908    4744    19722    2563    3021    931    25490    20750    11152    18533    
10342    4928    27685    6987    3336    23119    13283    12424    25088    5113    
6121    27267    5437    11960    31004    20392    26855    16356    13923    20080    
25582    26490    9722    28780    29125    28923    16760    32351    17465    7764    
15338    17094    7204    19402    6188    19626    20162    30487    14980    26499    
3653    1871    1266    29572    14703    29414    14022    16043    9707    17234    
2668    2085    29516    12973    8737    623    7516    24266    26320    15350    
27119    5305    15348    11785    4755    19677    6193    4111    9888    7161    
6094    12849    20015    7711    17723    25057    22375    31320    597    28753    
1240    9119    17903    28297    2219    18132    20053    30433    20652    4105    
31610    9663    19996    23847    28094    11535    32728    30232    25270    16815    
1094    27948    13108    30729    27064    28813    32678    3045    15695    26205    
3790    11841    28115    24778    4100    15026    18997    7537    12092    15082    
14122    27598    21352    8816    16415    27301    17577    32328    19735    28697    
19019    8289    1859    31243    8088    30532    28545    21207    22485    823    
19487    16452    27496    7044    7210    19590    13367    18957    21533    23615    
31183    11160    25718    17074    25560    8482    27060    31778    28886    15860    
6069    3868    18925    7462    23885    9892    446    2873    9687    32146    
10722    22175    1933    4289    13676    32274    2112    30644    32210    3583    
32261    22713    12764    9537    9589    25113    31485    7021    24400    10354    
3416    26955    22782    26664    25660    31113    14084    2044    28144    108    
29068    20078    24876    18859    13133    21382    12439    26115    30109    26620    
